-0.162114 16.153832 4.295598 2.055246 
-0.164595 16.097138 4.292737 2.046318 
-0.198524 15.624097 4.291060 2.024101 
-0.231943 15.098710 4.282161 1.981290 
-0.202550 14.534093 4.323481 1.958942 
-0.205871 14.140191 4.361915 1.963983 
-0.241659 13.564942 4.382802 1.953779 
-0.262282 13.157147 4.336004 2.009065 
-0.242390 12.465950 4.330997 2.014573 
-0.232514 11.755757 4.374878 1.996647 
-0.228993 11.099859 4.418466 1.978689 
-0.257624 10.436957 4.423044 1.981035 
-0.232096 9.765612 4.422640 2.054452 
-0.225750 9.084083 4.415510 2.037925 
-0.246219 8.395479 4.409926 2.018206 
-0.259708 7.725134 4.407719 1.999591 
-0.265602 7.039970 4.412343 1.975902 
-0.256169 6.345767 4.454340 1.996831 
-0.251398 5.717175 4.461830 2.010715 
-0.282072 5.054358 4.457536 1.996909 
-0.292013 4.369209 4.471627 1.965307 
-0.324471 3.528514 4.512728 1.934204 
-0.390869 2.660379 4.517231 1.899115 
-0.445096 1.832825 4.531237 1.868658 
-0.491669 0.988534 4.526685 1.883457 
-0.467709 0.210136 4.547742 1.985639 
-0.508125 -0.701852 4.552015 1.938330 
-0.516288 -1.633035 4.585749 1.991474 
-0.468030 -2.485482 4.586578 2.068794 
-0.463155 -3.453060 4.630069 2.033136 
-0.470589 -4.257062 4.631122 2.004693 
-0.495450 -5.186265 4.636978 1.974276 
-0.550599 -6.159779 4.642772 1.949319 
-0.598266 -7.131998 4.644387 1.924651 
-0.651873 -8.103433 4.642078 1.912926 
-0.593306 -9.062412 4.650994 2.000815 
-0.575701 -9.996358 4.659758 2.081455 
-0.517139 -10.588592 4.614832 2.228136 
-0.306471 -11.541166 4.590625 2.353156 
-0.196767 -12.550292 4.605291 2.247060 
-0.150351 -13.233657 4.684857 2.153961 
-0.223785 -13.960820 4.679041 1.996215 
-0.291200 -14.648363 4.661302 1.941353 
-0.310919 -15.291153 4.654493 1.951342 
-0.320621 -15.951581 4.644444 1.970548 
-0.341748 -16.639840 4.630329 1.964375 
-0.321746 -17.249188 4.621000 2.031509 
-0.276102 -17.917999 4.634543 2.086650 
-0.294761 -18.545927 4.660899 2.045538 
-0.280969 -19.242298 4.669370 2.033028 
-0.278147 -19.920438 4.682592 2.007124 
-0.304046 -20.589741 4.682881 1.985414 
-0.350907 -21.266482 4.677326 1.956782 
-0.361112 -21.933994 4.698078 1.959307 
-0.368277 -22.609574 4.706409 1.977099 
-0.380365 -23.302172 4.708221 2.006387 
-0.337386 -24.032197 4.739302 2.034106 
-0.343301 -24.667550 4.742325 2.054705 
-0.333207 -25.344968 4.738434 2.034415 
-0.348428 -26.033110 4.750900 2.017250 
-0.364318 -26.712119 4.745969 1.994159 
-0.370679 -27.386851 4.758628 1.983071 
-0.376135 -28.032890 4.780607 2.004876 
-0.354767 -28.705817 4.790732 2.041358 
-0.373867 -29.391926 4.784348 2.029718 
-0.364795 -30.056544 4.787898 2.037857 
-0.351470 -30.756227 4.807410 2.037194 
-0.380934 -31.443818 4.818040 1.998606 
-0.420924 -32.109710 4.809216 1.969948 
-0.444561 -32.730237 4.799511 1.977064 
-0.434803 -33.415306 4.819549 2.011777 
-0.443809 -34.217464 4.856550 1.994916 
-0.453066 -34.793883 4.864515 1.975943 
-0.446619 -35.427023 4.863586 2.036210 
-0.466342 -36.203419 4.865653 2.026995 
-0.472171 -36.782839 4.846561 2.011606 
-0.439919 -37.512466 4.854406 2.046681 
-0.450465 -38.135300 4.863425 2.018850 
-0.474777 -38.816710 4.877179 2.007502 
-0.459694 -39.440917 4.885186 2.021026 
-0.442880 -40.132318 4.879370 2.054778 
-0.440356 -40.818043 4.894202 2.035792 
-0.430709 -41.510052 4.915568 2.010361 
-0.462511 -42.183577 4.920773 1.987168 
-0.466940 -42.865740 4.939540 1.989216 
-0.447542 -43.509247 4.949077 2.028815 
-0.459917 -44.211057 4.961960 2.015849 
-0.464036 -44.829213 4.963618 2.020231 
-0.463129 -45.518250 4.950379 2.030053 
-0.456082 -46.187895 4.947993 2.043537 
-0.440449 -46.887842 4.957488 2.058258 
-0.428282 -47.531357 4.958115 2.060584 
-0.407127 -48.231619 4.992234 2.058150 
-0.425385 -48.973818 5.004990 1.976227 
-0.554334 -49.636916 5.020705 1.807780 
-0.665911 -50.350126 5.003761 1.755695 
-0.842260 -51.042820 5.004209 1.604263 
-1.130010 -51.654716 4.996713 1.416050 
-1.373407 -52.282200 4.995959 1.365544 
-1.754689 -52.973529 4.993445 1.232719 
-2.110879 -53.451640 4.989697 1.119349 
-2.302046 -53.742878 4.985086 1.110252 
-2.521063 -54.207430 4.982238 1.145185 
-2.888395 -54.811840 4.988292 1.140750 
-3.303225 -55.361498 4.990087 1.052017 
-3.703447 -55.834698 4.979932 1.002001 
-4.142011 -56.380398 4.990529 0.982010 
-4.648934 -56.851409 4.988044 0.910595 
-5.128496 -57.315635 4.986946 0.882197 
-5.687163 -57.745955 4.967581 0.824982 
-6.282342 -58.012129 4.963718 0.731133 
-6.834767 -58.285543 4.986161 0.688445 
-7.412100 -58.621101 4.977325 0.682043 
-8.224998 -58.941254 4.958627 0.638927 
-9.007980 -59.066647 4.954434 0.552234 
-9.640709 -59.101806 4.962765 0.493378 
-10.282186 -59.142343 4.962307 0.472273 
-10.963542 -59.211448 4.958023 0.462559 
-11.662172 -59.262988 4.984439 0.450195 
-12.380755 -59.238608 4.970912 0.417169 
-13.035088 -59.224252 4.998626 0.404040 
-13.730319 -59.217061 4.958729 0.397154 
-14.099517 -59.211083 4.984207 0.399457 
-14.077565 -59.208334 4.956225 0.397063 
