0.030651 10.994442 4.298869 1.997286 
0.030605 10.994480 4.298998 1.997281 
0.030605 10.994480 4.298998 1.997279 
0.021714 11.040835 4.300319 1.994963 
0.030419 10.427329 4.302067 1.996667 
0.021512 10.025698 4.308736 1.995403 
0.018604 9.607479 4.308383 1.997563 
0.019603 9.203458 4.326886 1.996072 
0.000360 8.767657 4.327948 1.997045 
0.009984 8.342090 4.337557 1.996070 
0.006469 7.927395 4.345375 1.997029 
0.003065 7.465624 4.348861 1.996430 
-0.026168 6.946835 4.337858 1.996640 
-0.032157 6.381970 4.360401 2.000544 
-0.034637 5.666775 4.352736 1.999109 
-0.006672 4.993321 4.391053 1.999650 
-0.020182 4.272642 4.412746 2.000033 
-0.014473 3.593565 4.434695 2.001316 
-0.014364 2.896880 4.431332 2.002062 
-0.022113 2.213081 4.442296 2.004499 
-0.019410 1.509817 4.465310 2.005765 
-0.009068 0.814476 4.486359 2.008553 
-0.000211 0.123482 4.480456 2.011128 
0.004127 -0.574064 4.508670 2.017577 
0.006744 -1.268157 4.510427 2.017835 
-0.000752 -1.966244 4.525275 2.016717 
0.009551 -2.654237 4.546615 2.020923 
0.015107 -3.354745 4.549232 2.020931 
0.026876 -4.047434 4.549482 2.028152 
0.019976 -4.733496 4.559163 2.034985 
0.059187 -5.427603 4.563979 2.042254 
0.062829 -6.134607 4.569485 2.047433 
0.078583 -6.822525 4.591276 2.049188 
0.105692 -7.534794 4.590850 2.056510 
0.123921 -8.218932 4.594766 2.060589 
0.147720 -8.915143 4.596713 2.064031 
0.168975 -9.613024 4.589585 2.067703 
0.190492 -10.321147 4.580378 2.068351 
0.200367 -11.001930 4.596917 2.072929 
0.172674 -11.707327 4.598122 1.995090 
0.152900 -12.397185 4.585827 1.958216 
0.111314 -13.080923 4.595174 1.904696 
0.057790 -13.782617 4.608249 1.891719 
0.018855 -14.478748 4.601332 1.889298 
-0.042330 -15.173548 4.604611 1.860998 
-0.074991 -15.876760 4.603616 1.891663 
-0.075258 -16.581443 4.612023 1.961002 
-0.074135 -17.267376 4.612760 1.994214 
-0.079662 -17.958797 4.612672 1.998959 
-0.079224 -18.664550 4.613692 2.003484 
-0.103070 -19.352907 4.621571 2.007024 
-0.103859 -20.047173 4.623796 2.008485 
-0.104010 -20.735879 4.643629 2.011708 
-0.111410 -21.434671 4.653729 2.014721 
-0.107899 -22.127835 4.656075 2.016936 
-0.101685 -22.828792 4.670999 2.019973 
-0.102732 -23.516276 4.680315 2.022442 
-0.106475 -24.216831 4.690224 2.025359 
-0.107872 -24.918237 4.701695 2.028507 
-0.115301 -25.601042 4.708966 2.014351 
-0.127831 -26.301006 4.713362 2.008550 
-0.134435 -26.997282 4.733452 2.006015 
-0.130607 -27.693252 4.718491 2.003657 
-0.134724 -28.386766 4.734123 2.004333 
-0.131060 -29.073630 4.746426 2.002880 
-0.134598 -29.777443 4.755897 2.002637 
-0.140301 -30.487268 4.751717 2.006430 
-0.157494 -31.180559 4.776482 2.007422 
-0.132452 -31.880293 4.784684 2.043925 
-0.145136 -32.576265 4.778082 2.004188 
-0.153426 -33.256663 4.783936 2.000240 
-0.162988 -33.956542 4.790854 1.997373 
-0.156357 -34.647592 4.784091 1.997303 
-0.168713 -35.333612 4.774716 1.997605 
-0.176927 -36.033519 4.803894 2.010404 
-0.178754 -36.733253 4.826337 2.028518 
-0.168170 -37.432839 4.847023 2.031826 
-0.157898 -38.123521 4.842704 2.034216 
-0.154068 -38.804197 4.821856 2.038276 
-0.148812 -39.492751 4.857392 2.042205 
-0.121286 -40.200316 4.858678 2.044230 
-0.135684 -40.894042 4.892690 2.020273 
-0.166226 -41.596606 4.871664 1.976979 
-0.186803 -42.288441 4.888384 1.971949 
-0.195823 -42.979905 4.907732 1.974710 
-0.148036 -43.670351 4.911957 2.047674 
-0.136228 -44.376830 4.904084 2.053389 
-0.142391 -45.075705 4.919255 2.039150 
-0.131458 -45.760579 4.927017 2.035569 
-0.142144 -46.462346 4.925591 2.015774 
-0.172046 -47.159461 4.933364 1.971767 
-0.187225 -47.850734 4.944049 1.960044 
-0.199322 -48.542750 4.947010 1.954550 
-0.234440 -49.238024 4.954471 1.924598 
-0.368647 -49.927667 4.971069 1.762507 
-0.489427 -50.612896 4.974468 1.711942 
-0.621520 -51.306998 4.979657 1.645765 
-0.857404 -51.968405 4.969478 1.496723 
-1.111229 -52.621180 4.976509 1.378031 
-1.452049 -53.237093 4.968660 1.277005 
-1.796160 -53.832395 4.960584 1.200235 
-2.172077 -54.475736 4.965107 1.147142 
-2.529703 -55.057746 4.981146 1.113401 
-2.949954 -55.616285 4.982086 1.049123 
-3.409814 -56.159406 4.990988 0.984939 
-3.903106 -56.640352 4.975677 0.941566 
-4.391017 -57.136682 4.980071 0.912633 
-4.887601 -57.619583 4.981016 0.873468 
-5.460759 -58.016311 4.963444 0.818344 
-6.055182 -58.397315 4.976314 0.760963 
-6.638024 -58.754441 4.973809 0.736689 
-7.248056 -59.084740 4.972434 0.701258 
-7.937936 -59.275286 4.978846 0.619850 
-8.629998 -59.410164 4.973255 0.561883 
-9.325760 -59.491231 4.969480 0.515756 
-10.000356 -59.593717 4.974456 0.494015 
-10.698398 -59.566336 4.973172 0.438149 
-11.401640 -59.559986 4.978872 0.415510 
-12.115188 -59.497166 4.956465 0.386905 
-12.789660 -59.455012 4.952984 0.379641 
-13.477595 -59.440493 4.943790 0.376328 
-14.175227 -59.412025 4.915880 0.375672 
-14.891859 -59.397258 4.951095 0.376841 
-15.592188 -59.364815 4.919237 0.381093 
-16.285994 -59.333070 4.917937 0.383014 
-16.993604 -59.320872 4.929767 0.391704 
-17.687029 -59.351422 4.906924 0.402258 
-18.391205 -59.385378 4.917680 0.414967 
-19.098442 -59.412580 4.938041 0.413774 
-19.801379 -59.418092 4.921875 0.410925 
-20.498997 -59.369014 4.890318 0.393123 
-21.169726 -59.367017 4.908740 0.392366 
-21.850887 -59.362889 4.906635 0.394130 
-22.529683 -59.360180 4.926945 0.403492 
-23.246237 -59.357948 4.909673 0.404276 
-23.909058 -59.378068 4.922781 0.404314 
-24.635627 -59.384216 4.922831 0.403788 
-25.356095 -59.378029 4.932780 0.400389 
-26.054787 -59.353389 4.905163 0.400979 
-26.737780 -59.352598 4.904644 0.403523 
-27.410557 -59.347265 4.916734 0.404244 
-28.122200 -59.352307 4.918606 0.402124 
-28.809264 -59.356019 4.911495 0.401797 
-29.551484 -59.357124 4.891633 0.401514 
-30.276643 -59.337126 4.875495 0.402424 
-30.926760 -59.350794 4.896227 0.406676 
-31.679320 -59.317910 4.841063 0.406751 
-32.383180 -59.297680 4.816575 0.407077 
-33.028491 -59.315021 4.859944 0.409635 
-33.693012 -59.316223 4.850493 0.408880 
-34.387200 -59.316874 4.850214 0.407101 
-35.090964 -59.327686 4.863108 0.405270 
-35.789641 -59.317117 4.855922 0.404934 
-36.487842 -59.328547 4.859370 0.404005 
-37.220676 -59.328941 4.848045 0.407206 
-37.922027 -59.324649 4.839979 0.411240 
-38.621541 -59.323475 4.837324 0.410116 
-39.279963 -59.340888 4.873594 0.402310 
-39.994040 -59.291452 4.834625 0.398727 
-40.668439 -59.289157 4.842123 0.398952 
-41.373961 -59.272814 4.838719 0.400475 
-42.074461 -59.264567 4.836800 0.399734 
-42.782604 -59.250165 4.823048 0.400950 
-43.468742 -59.256823 4.841960 0.405270 
-44.144845 -59.258907 4.847032 0.408444 
-44.855618 -59.260929 4.841372 0.408910 
-45.555680 -59.273100 4.827599 0.411365 
-46.238377 -59.292617 4.850175 0.415175 
-46.948075 -59.295020 4.847979 0.414669 
-47.662581 -59.313674 4.833847 0.414021 
-48.364101 -59.311276 4.823710 0.404736 
-49.050488 -59.292373 4.841618 0.391494 
-49.765167 -59.261187 4.812168 0.390238 
-50.442547 -59.235287 4.806251 0.390866 
-51.139467 -59.232173 4.808628 0.391466 
-51.807906 -59.277150 4.861857 0.398358 
-52.515528 -59.251870 4.829599 0.400582 
-53.234920 -59.259777 4.822993 0.402596 
-53.966960 -59.258991 4.809572 0.403736 
-54.636802 -59.251457 4.786401 0.405929 
-55.319272 -59.253223 4.789252 0.406636 
-56.031708 -59.248914 4.761601 0.406628 
-56.743066 -59.229209 4.720303 0.402699 
-57.416110 -59.235658 4.755394 0.401274 
-58.089150 -59.253787 4.756364 0.400596 
-58.781059 -59.235680 4.756379 0.400451 
-59.492956 -59.232848 4.758074 0.398964 
-60.204135 -59.235801 4.748410 0.397573 
-60.904129 -59.216460 4.744534 0.397027 
-61.599097 -59.198890 4.745797 0.396850 
-62.331236 -59.177391 4.730843 0.395757 
-63.011226 -59.189762 4.729164 0.398072 
-63.692403 -59.187177 4.731258 0.397763 
-64.369103 -59.191230 4.736470 0.398176 
-65.063814 -59.181057 4.734101 0.397385 
-65.746970 -59.172423 4.718077 0.395333 
-66.456918 -59.163651 4.709805 0.393985 
-67.169202 -59.159095 4.714983 0.393836 
-67.866104 -59.140399 4.702654 0.396050 
-68.546034 -59.146706 4.699734 0.395921 
-69.240310 -59.138793 4.697025 0.393987 
-69.931224 -59.140006 4.691768 0.394598 
-70.656391 -59.143548 4.680775 0.399943 
-71.334022 -59.146521 4.708738 0.403266 
-72.043636 -59.150126 4.691014 0.403484 
-72.732026 -59.157849 4.683922 0.406123 
-73.423368 -59.151336 4.689548 0.407056 
-74.108417 -59.158128 4.687980 0.401472 
-74.798143 -59.167731 4.679176 0.400170 
-75.504543 -59.165158 4.688693 0.399762 
-76.212226 -59.172389 4.683276 0.400567 
-76.895858 -59.173218 4.701893 0.401775 
-77.634764 -59.164723 4.687612 0.401971 
-78.299350 -59.162383 4.689720 0.402248 
-79.020849 -59.167426 4.685328 0.403411 
-79.750010 -59.159096 4.671314 0.402757 
-80.413208 -59.172123 4.690441 0.402705 
-81.089088 -59.177798 4.697133 0.400981 
-81.794502 -59.164918 4.686218 0.398788 
-82.523895 -59.166989 4.693168 0.397965 
-83.229847 -59.159515 4.694206 0.396332 
-83.893512 -59.158731 4.681738 0.393426 
-84.607647 -59.111512 4.665334 0.371495 
-85.297491 -58.919736 4.643078 0.311021 
-85.946554 -58.707860 4.630151 0.270789 
-86.600642 -58.444058 4.643158 0.230628 
-87.211809 -58.086854 4.665853 0.154936 
-87.802562 -57.702133 4.654578 0.111258 
-88.363169 -57.286828 4.665899 0.067413 
-88.898624 -56.890305 4.668044 0.048645 
-89.462687 -56.448686 4.658729 0.018885 
-89.971398 -55.971509 4.657719 -0.017904 
-90.430589 -55.468357 4.675923 -0.076615 
-90.825592 -54.941400 4.704501 -0.148968 
-91.294619 -54.402528 4.698849 -0.173264 
-91.666503 -53.796951 4.711797 -0.272167 
-91.910452 -53.105130 4.711810 -0.458424 
-92.027859 -52.410917 4.696949 -0.646227 
-92.031862 -51.691746 4.703132 -0.881334 
-91.876518 -50.961413 4.671364 -1.182483 
-91.783663 -50.388648 4.706322 -1.279115 
-91.758825 -49.819241 4.711575 -1.236578 
-91.838183 -49.186501 4.693971 -1.104184 
-91.834833 -48.629996 4.708086 -1.147780 
-91.830928 -48.007593 4.734890 -1.153524 
-91.845559 -47.329622 4.717952 -1.150510 
-91.847014 -46.636674 4.707981 -1.149576 
-91.856790 -45.950224 4.743622 -1.144326 
-91.847967 -45.255376 4.735522 -1.152003 
-91.856330 -44.540499 4.725662 -1.154065 
-91.872648 -43.835185 4.743578 -1.156729 
-91.884458 -43.139116 4.752683 -1.173535 
-91.873781 -42.462437 4.762136 -1.176575 
-91.859489 -41.764064 4.743787 -1.179466 
-91.862582 -41.048691 4.738634 -1.180027 
-91.845638 -40.557908 4.788384 -1.181195 
-91.850634 -40.573379 4.758671 -1.180024 
-91.851816 -40.570619 4.758204 -1.180448 
-91.851816 -40.570449 4.758310 -1.180529 
