-18.392392 -59.221331 4.952899 0.371550 
-18.394120 -59.220852 4.951747 0.372139 
-18.434807 -59.220529 4.958441 0.373034 
-18.614821 -59.200707 4.966320 0.381174 
-18.919251 -59.247972 4.981278 0.416496 
-19.312806 -59.428885 4.984484 0.499100 
-19.746374 -59.867847 5.001471 0.670861 
-19.974168 -60.571746 5.033864 0.954837 
-19.885621 -61.328763 5.056487 1.461418 
-19.559008 -62.047484 5.103500 2.292242 
-19.094640 -62.733861 4.995589 2.977957 
-18.325995 -63.009356 4.989302 -2.951780 
-17.523248 -62.926312 5.017036 -2.716142 
-16.849989 -62.626454 5.042670 -2.542953 
-16.635245 -62.574176 5.012785 -2.534347 
-15.950052 -62.367980 5.022886 -2.501469 
-14.605535 -62.141420 5.020814 -2.523027 
-13.619114 -62.104202 4.994731 -2.560530 
-12.648544 -62.366706 4.940325 -2.649677 
-11.982951 -62.600787 5.024788 -2.676922 
-10.670011 -62.832347 5.035689 -2.669003 
-9.538486 -62.790740 5.007267 -2.610458 
-8.085980 -62.628026 5.020904 -2.581612 
-7.205448 -62.408333 5.029917 -2.520280 
-6.312489 -61.897587 5.063774 -2.408088 
-5.115145 -61.098161 5.045992 -2.335082 
-3.845313 -60.347941 5.048201 -2.316104 
-2.942237 -59.636481 5.068730 -2.244929 
-2.303538 -58.646402 5.106262 -2.058687 
-1.497158 -57.161319 5.099961 -1.936699 
-0.544974 -55.784011 5.080398 -1.989253 
0.081547 -55.108005 5.057519 -2.000269 
0.473502 -54.407705 5.074604 -1.933760 
0.781362 -53.275286 5.086506 -1.723853 
1.138814 -51.876939 5.073618 -1.610699 
1.570915 -50.604616 5.043317 -1.629768 
1.854160 -49.289605 5.074558 -1.464773 
2.299504 -48.385739 5.043902 -1.128281 
2.124021 -46.498882 4.959498 -0.975561 
2.113298 -44.839438 4.963224 -1.059607 
2.139446 -43.526126 4.948979 -1.116251 
2.182803 -42.141948 4.918518 -1.147091 
2.208765 -41.207281 4.906122 -1.099300 
2.206796 -41.215091 4.928032 -1.106088 
2.213728 -41.195363 4.906063 -1.120455 
2.214530 -41.193442 4.911317 -1.120480 
