4.704834 -40.105546 4.932613 -1.042057 
4.705017 -40.104764 4.932679 -1.042063 
4.704919 -40.105518 4.932947 -1.042240 
4.705008 -40.105117 4.933249 -1.042293 
4.704910 -40.106041 4.933412 -1.042498 
4.704650 -40.104968 4.933389 -1.042645 
4.704754 -40.103213 4.933215 -1.042772 
4.704120 -40.103855 4.933491 -1.042847 
4.703654 -40.105833 4.933836 -1.042839 
4.703477 -40.105530 4.933916 -1.042964 
4.648254 -39.505690 4.950618 -1.010766 
4.620646 -39.035380 4.957653 -0.996678 
4.613566 -38.625267 4.931407 -1.003754 
4.599655 -38.198250 4.937307 -0.998318 
4.565452 -37.701020 4.947601 -0.980643 
4.509321 -37.042314 4.933467 -0.966760 
4.464559 -36.430379 4.916217 -0.952937 
4.448444 -35.925671 4.906657 -0.985581 
4.434381 -35.326897 4.910268 -1.001028 
4.331713 -34.695315 4.907826 -0.906229 
4.163688 -34.309261 4.914145 -0.737935 
3.929126 -34.019422 4.893863 -0.529066 
3.538733 -33.776502 4.871652 -0.258965 
3.028453 -33.618943 4.855635 -0.009048 
2.461387 -33.625571 4.846776 0.191697 
1.897978 -33.833028 4.859027 0.360448 
1.480596 -34.048766 4.889200 0.469207 
0.999922 -34.329531 4.887052 0.559913 
0.579749 -34.705414 4.884253 0.669241 
0.331440 -35.146246 4.880524 0.823966 
0.267654 -35.584731 4.887248 1.028912 
0.308316 -36.029122 4.885278 1.330987 
0.443269 -36.493105 4.912269 1.776191 
0.544211 -36.672163 4.900519 2.003221 
0.688425 -36.992881 4.913300 2.254463 
0.754852 -37.187062 4.929185 2.367578 
0.874478 -37.630321 4.918363 2.397390 
0.879480 -38.205284 4.916571 2.308170 
0.759316 -38.824942 4.919515 2.017615 
0.471278 -39.445750 4.908176 1.612950 
0.185492 -39.967169 4.949455 1.373868 
0.169443 -40.060876 4.947854 1.402296 
0.084191 -40.357869 4.939243 1.444956 
0.049439 -40.750586 4.958486 1.591440 
0.071764 -41.060171 4.960134 1.744357 
0.066638 -41.480407 4.960757 1.854470 
0.071443 -41.971514 4.962985 1.929201 
0.118557 -42.421081 4.945444 2.072704 
0.154128 -42.622981 4.963726 2.133380 
0.169686 -43.082100 4.969007 2.138244 
0.238292 -43.829472 4.981760 2.183815 
0.262585 -44.343103 4.982557 2.199349 
0.240012 -44.933886 5.003452 2.122803 
0.211527 -45.629741 4.994192 2.054189 
0.192458 -46.214989 4.990583 2.049296 
0.139921 -46.753336 4.986655 1.988780 
0.112889 -47.418970 4.990514 1.986609 
0.039849 -47.963306 4.988276 1.918119 
-0.023218 -48.551913 4.985343 1.878263 
-0.073365 -49.174204 4.988740 1.873680 
-0.211851 -49.735350 4.999963 1.732418 
-0.379288 -50.259473 5.027759 1.576878 
-0.561150 -50.879421 5.009526 1.572836 
-0.734950 -51.391725 5.026600 1.490266 
-0.904095 -51.754104 5.052509 1.396395 
-1.171624 -52.324806 5.039664 1.346404 
-1.446599 -52.813663 5.026108 1.263587 
-1.838967 -53.400145 5.019555 1.171309 
-2.166541 -53.974885 5.017594 1.180213 
-2.398451 -54.406535 5.017084 1.168670 
-2.737946 -54.810372 5.012695 1.076109 
-3.218700 -55.284386 5.011827 0.988475 
-3.696871 -55.813994 5.015438 0.958839 
-4.033489 -56.274452 5.024209 0.990209 
-4.334040 -56.631799 5.019214 0.985225 
-4.683502 -56.997563 5.022677 0.952289 
-5.166959 -57.329502 5.035341 0.863831 
-5.832149 -57.740104 5.061238 0.799603 
-6.139261 -58.034772 5.048301 0.805565 
-6.535848 -58.321752 5.045933 0.782012 
-6.977056 -58.522857 5.057425 0.732690 
-7.501908 -58.791305 5.061979 0.711972 
-8.084909 -59.028951 5.051944 0.674196 
-8.642927 -59.233550 5.063949 0.646838 
-9.175685 -59.357783 5.058075 0.602143 
-9.613113 -59.453963 5.045087 0.578059 
-9.892963 -59.545185 5.041944 0.578961 
-10.499714 -59.626716 5.052589 0.533896 
-11.162930 -59.634782 5.042064 0.486674 
-11.781719 -59.714104 5.062246 0.481320 
-12.364441 -59.794657 5.057261 0.482750 
-12.897922 -59.817717 5.061444 0.464582 
-13.498028 -59.874601 5.066105 0.463486 
-14.018690 -59.933691 5.041860 0.459289 
-14.344638 -59.905835 5.031455 0.437718 
-15.151293 -59.823631 5.027698 0.398560 
-15.900924 -59.838026 5.044098 0.408590 
-16.569617 -59.948766 5.055368 0.448647 
-16.982288 -59.989129 5.074946 0.454415 
-17.469807 -59.954869 5.051359 0.427941 
-18.123402 -59.920633 5.055150 0.412097 
-18.791884 -59.928271 5.055327 0.421127 
-18.912691 -59.933906 5.052080 0.417430 
-18.910884 -59.928303 5.035062 0.416218 
-18.911632 -59.927633 5.034360 0.416276 
-18.910459 -59.929045 5.036450 0.416249 
-18.913326 -59.926918 5.038142 0.416271 
-18.914936 -59.923448 5.036530 0.416408 
-18.913923 -59.921896 5.038771 0.416418 
-18.913077 -59.922237 5.038942 0.416444 
